5 0.5 0.5 1 1
5 0.625 0.734375 0.15144230769230768 0.20552884615384615
5 0.5372596153846154 0.8870192307692307 0.16947115384615385 0.22596153846153846
5 0.6935096153846154 0.9266826923076923 0.11778846153846154 0.1466346153846154
5 0.3473557692307692 0.40865384615384615 0.125 0.17427884615384615
5 0.4519230769230769 0.3076923076923077 0.11658653846153846 0.15264423076923078
5 0.6213942307692307 0.46153846153846156 0.10697115384615384 0.21153846153846154
5 0.7103365384615384 0.4014423076923077 0.09134615384615384 0.1778846153846154
5 0.9387019230769231 0.35096153846153844 0.08173076923076923 0.17427884615384615
5 0.9711538461538461 0.6598557692307693 0.057692307692307696 0.18870192307692307
5 0.054086538461538464 0.7223557692307693 0.10576923076923077 0.19471153846153846
5 0.0889423076923077 0.5913461538461539 0.10096153846153846 0.171875
5 0.3076923076923077 0.12620192307692307 0.08653846153846154 0.14783653846153846
5 0.051682692307692304 0.13341346153846154 0.0733173076923077 0.09014423076923077
5 0.6514423076923077 0.054086538461538464 0.09375 0.10817307692307693
5 0.4519230769230769 0.16706730769230768 0.09615384615384616 0.11177884615384616
