5 0.65625 0.5673076923076923 0.6875 0.6947115384615384
5 0.7920673076923077 0.9639423076923077 0.06610576923076923 0.07211538461538461
5 0.6850961538461539 0.9771634615384616 0.046875 0.04447115384615385
5 0.6069711538461539 0.8918269230769231 0.04326923076923077 0.07091346153846154
5 0.23557692307692307 0.8305288461538461 0.078125 0.078125
5 0.29086538461538464 0.6069711538461539 0.08533653846153846 0.12620192307692307
5 0.4206730769230769 0.3581730769230769 0.15625 0.18269230769230768
5 0.056490384615384616 0.49759615384615385 0.07692307692307693 0.15745192307692307
5 0.054086538461538464 0.8701923076923077 0.037259615384615384 0.057692307692307696
5 0.12620192307692307 0.6045673076923077 0.03365384615384615 0.06490384615384616
5 0.24759615384615385 0.6875 0.016826923076923076 0.057692307692307696
5 0.7259615384615384 0.9362980769230769 0.02403846153846154 0.03245192307692308
5 0.7211538461538461 0.9855769230769231 0.016826923076923076 0.028846153846153848
