5 0.3786057692307692 0.75 0.75 0.4987980769230769
5 0.48197115384615385 0.48197115384615385 0.5024038461538461 0.10096153846153846
5 0.22115384615384615 0.47836538461538464 0.037259615384615384 0.04567307692307692
5 0.5456730769230769 0.39663461538461536 0.29447115384615385 0.057692307692307696
5 0.6045673076923077 0.33413461538461536 0.1201923076923077 0.08173076923076923
5 0.5108173076923077 0.3449519230769231 0.026442307692307692 0.042067307692307696
5 0.44591346153846156 0.3329326923076923 0.0733173076923077 0.040865384615384616
5 0.8317307692307693 0.6430288461538461 0.021634615384615384 0.040865384615384616
5 0.8112980769230769 0.71875 0.027644230769230768 0.037259615384615384
5 0.890625 0.6983173076923077 0.03485576923076923 0.06370192307692307
