5 0.1814903846153846 0.3269230769230769 0.2932692307692308 0.3173076923076923
5 0.39903846153846156 0.33052884615384615 0.11899038461538461 0.2860576923076923
5 0.5625 0.31490384615384615 0.15384615384615385 0.296875
5 0.734375 0.31850961538461536 0.15745192307692307 0.2932692307692308
5 0.90625 0.32091346153846156 0.17668269230769232 0.23076923076923078
5 0.578125 0.7139423076923077 0.13341346153846154 0.23557692307692307
5 0.7403846153846154 0.7271634615384616 0.17067307692307693 0.27884615384615385
5 0.9014423076923077 0.7091346153846154 0.14783653846153846 0.2824519230769231
5 0.4050480769230769 0.7115384615384616 0.12259615384615384 0.3076923076923077
5 0.16947115384615385 0.7103365384615384 0.3125 0.29086538461538464
