5 0.15264423076923078 0.49158653846153844 0.26802884615384615 0.9819711538461539
5 0.38822115384615385 0.7788461538461539 0.14182692307692307 0.4423076923076923
5 0.5408653846153846 0.609375 0.1778846153846154 0.39903846153846156
5 0.6394230769230769 0.8882211538461539 0.19471153846153846 0.22355769230769232
5 0.8100961538461539 0.7259615384615384 0.25240384615384615 0.2824519230769231
5 0.5552884615384616 0.1875 0.33533653846153844 0.375
5 0.8930288461538461 0.17067307692307693 0.21394230769230768 0.3401442307692308
5 0.8834134615384616 0.5024038461538461 0.23317307692307693 0.2932692307692308
5 0.9110576923076923 0.8245192307692307 0.1778846153846154 0.35096153846153844
5 0.7956730769230769 0.9170673076923077 0.13341346153846154 0.16466346153846154
5 0.35096153846153844 0.19831730769230768 0.08774038461538461 0.39663461538461536
