5 0.1622596153846154 0.47115384615384615 0.3233173076923077 0.4723557692307692
5 0.25 0.15144230769230768 0.44711538461538464 0.30288461538461536
5 0.6274038461538461 0.11899038461538461 0.2848557692307692 0.23798076923076922
5 0.9014423076923077 0.33774038461538464 0.1971153846153846 0.5192307692307693
5 0.47115384615384615 0.5264423076923077 0.25600961538461536 0.5024038461538461
5 0.7512019230769231 0.42908653846153844 0.26322115384615385 0.30408653846153844
5 0.6274038461538461 0.5348557692307693 0.040865384615384616 0.11899038461538461
5 0.6875 0.5817307692307693 0.07091346153846154 0.07932692307692307
5 0.7259615384615384 0.6778846153846154 0.13221153846153846 0.11298076923076923
5 0.8930288461538461 0.7115384615384616 0.109375 0.08653846153846154
5 0.7932692307692307 0.8665865384615384 0.1141826923076923 0.109375
5 0.921875 0.8028846153846154 0.15625 0.10096153846153846
5 0.8990384615384616 0.9074519230769231 0.20072115384615385 0.18509615384615385
5 0.23798076923076922 0.9699519230769231 0.07211538461538461 0.06009615384615385
