5 0.14182692307692307 0.2668269230769231 0.28365384615384615 0.22115384615384615
5 0.22956730769230768 0.22235576923076922 0.37740384615384615 0.44471153846153844
5 0.16105769230769232 0.5324519230769231 0.29927884615384615 0.28125
5 0.3918269230769231 0.5709134615384616 0.3545673076923077 0.4483173076923077
5 0.6057692307692307 0.19230769230769232 0.33774038461538464 0.38341346153846156
5 0.7980769230769231 0.5264423076923077 0.40384615384615385 0.27884615384615385
5 0.8701923076923077 0.7944711538461539 0.25841346153846156 0.4098557692307692
5 0.5576923076923077 0.8389423076923077 0.36538461538461536 0.32211538461538464
5 0.19471153846153846 0.8641826923076923 0.36538461538461536 0.2704326923076923
5 0.6646634615384616 0.9314903846153846 0.13942307692307693 0.13581730769230768
