5 0.051682692307692304 0.4266826923076923 0.10336538461538461 0.6021634615384616
5 0.19110576923076922 0.5396634615384616 0.17427884615384615 0.7079326923076923
5 0.2776442307692308 0.7740384615384616 0.11778846153846154 0.3401442307692308
5 0.36177884615384615 0.31009615384615385 0.12620192307692307 0.30528846153846156
5 0.3894230769230769 0.6165865384615384 0.15144230769230768 0.5600961538461539
5 0.5216346153846154 0.4831730769230769 0.1971153846153846 0.3786057692307692
5 0.5564903846153846 0.8329326923076923 0.15384615384615385 0.3329326923076923
5 0.7896634615384616 0.8245192307692307 0.3004807692307692 0.35096153846153844
5 0.9411057692307693 0.6346153846153846 0.11778846153846154 0.6298076923076923
5 0.8677884615384616 0.28966346153846156 0.2644230769230769 0.5793269230769231
5 0.6610576923076923 0.3449519230769231 0.2776442307692308 0.6887019230769231
5 0.49399038461538464 0.18389423076923078 0.13942307692307693 0.36778846153846156
