5 0.5036057692307693 0.5120192307692307 0.9927884615384616 0.9759615384615384
5 0.7403846153846154 0.609375 0.3473557692307692 0.6935096153846154
5 0.12620192307692307 0.671875 0.22235576923076922 0.37740384615384615
5 0.2608173076923077 0.29927884615384615 0.1814903846153846 0.2644230769230769
5 0.39903846153846156 0.16466346153846154 0.171875 0.27524038461538464
5 0.40625 0.38822115384615385 0.18028846153846154 0.25
5 0.45072115384615385 0.5528846153846154 0.18389423076923078 0.2608173076923077
5 0.625 0.7355769230769231 0.16706730769230768 0.29927884615384615
5 0.7956730769230769 0.21514423076923078 0.19110576923076922 0.34134615384615385
5 0.4182692307692308 0.7788461538461539 0.2512019230769231 0.39903846153846156
5 0.27163461538461536 0.5348557692307693 0.14302884615384615 0.2608173076923077
5 0.13581730769230768 0.4182692307692308 0.17067307692307693 0.3641826923076923
