5 0.13942307692307693 0.15745192307692307 0.16346153846153846 0.18269230769230768
5 0.3605769230769231 0.1658653846153846 0.12259615384615384 0.15504807692307693
5 0.59375 0.13701923076923078 0.16105769230769232 0.22235576923076922
5 0.8317307692307693 0.15384615384615385 0.17067307692307693 0.19591346153846154
5 0.8449519230769231 0.38822115384615385 0.16706730769230768 0.18990384615384615
5 0.8497596153846154 0.640625 0.20072115384615385 0.1875
5 0.8581730769230769 0.8521634615384616 0.20552884615384615 0.1875
5 0.6298076923076923 0.8641826923076923 0.15625 0.15625
5 0.4170673076923077 0.8641826923076923 0.20432692307692307 0.18629807692307693
5 0.15264423076923078 0.8653846153846154 0.1622596153846154 0.171875
5 0.15264423076923078 0.6394230769230769 0.1658653846153846 0.20192307692307693
5 0.39302884615384615 0.6298076923076923 0.171875 0.19471153846153846
5 0.38221153846153844 0.3942307692307692 0.17067307692307693 0.18629807692307693
5 0.14543269230769232 0.4110576923076923 0.18028846153846154 0.17668269230769232
