5 0.17668269230769232 0.2283653846153846 0.21995192307692307 0.4387019230769231
5 0.5060096153846154 0.23677884615384615 0.1971153846153846 0.41947115384615385
5 0.8389423076923077 0.35336538461538464 0.28365384615384615 0.09735576923076923
5 0.8461538461538461 0.4699519230769231 0.3076923076923077 0.10336538461538461
5 0.8377403846153846 0.5745192307692307 0.3004807692307692 0.08533653846153846
5 0.8509615384615384 0.6742788461538461 0.2247596153846154 0.04807692307692308
5 0.15865384615384615 0.5985576923076923 0.30408653846153844 0.16947115384615385
5 0.53125 0.6021634615384616 0.26802884615384615 0.20552884615384615
5 0.16105769230769232 0.8701923076923077 0.22355769230769232 0.19951923076923078
5 0.8425480769230769 0.8653846153846154 0.2860576923076923 0.24639423076923078
5 0.4951923076923077 0.8713942307692307 0.2247596153846154 0.1971153846153846
